11111111111111111111111111111111111
10000001111111111111111111111111111
10111100001111111111111111111111111
10100111100001111111111111111111111
10162100111100001111111111111111111
10100000100111100001111111111111111
10100100000100111100001111111111111
10111100100000100111100001111111111
10000111100100000100111100001111111
11110000111100100000100111100001111
11111110000111100100000100111100001
11111111110000111100100000100111101
11111111111110000111100100000100001
11111111111111110000111100100000111
11111111111111111110000111100100001
11111111111111111111110000111100101
11111111111111111111111110000111101
11111111111111111111111111110000001
11111111111111111111111111111111111
