111111111111111111111111
100000000000000100000001
104111411141140101010101
101000000000010101040101
101041114114010401010101
101010000001010101010101
101010411101040104010401
101040100621010101010101
101010101440010401010101
104010401011140101010101
101010101000000101040101
101040104114111401010101
101010100000000001010401
104010411411141114010101
101010000000000000010101
101041111114111111140101
101000000000000000000101
104111141111111411111401
100000000000000000000001
111111111111111111111111
