11111111111111111111111111
11111111110011111111111111
11000011000013311111111111
11522202002213311111111111
11001011020013311111111111
11001011002013311111111111
11111002220203331100001331
10002011000023320200221331
10021000101023301102001331
11100010101103301100231331
11100110200123300222011001
11100111020103301100002001
11111111000121100010102001
11111111110000001010110031
11111111111100111020012331
11111111111100111102010331
11111111111111111100012111
11111111111111111111000011
11111111111111111111110011
11111111111111111111110011
11111111111111111111111111
