1111111111111111111111111
1111000000000000000001111
1000000000111000020200111
1020202000151020002220111
1002020200201022000200111
1020202000001220200220111
1000020200021000002020111
1000202000001002020000001
1011111111101011111111101
1011133333331333333311101
1001113333330333333111001
1000111333330433331110211
1002011133331433311102011
1000001113331333111020011
1020000111134311111200011
1000022011114311100220001
1000220001113111002020001
1000022000004000000222001
1000000000000000000000011
1111111111111111111111111
