11111111111111111111111111111
10001000111000000111100000011
10200010111020020111101021211
11102010111012010111101002011
11111010111000112011101110201
10000010111022010011100200001
10111020001001312011100102111
10001020101100300011100000201
10202020101101311011102111001
11101100101143333000100200201
11000101100001312110101100001
11210221111011320010100021111
10000200111001310010101000001
10020110111021310010001010101
11101110111002320011111003001
11131000111011311011100013131
13333010111000000011103003331
13533010111101012011111023131
13333000111100000011111003331
11111111111111111111111111111
