11111111111111111111111111111
10001000111111111111111111111
10200010111113111111111111111
11102010111112113111111132011
11111010111000112011111113201
10000010111011110011111100001
10111020001001111011111101111
10001020101100000011100300201
10202020101131011011101111101
11101100101120000000100203101
11000101100001012110101100001
11210221111011010110100021111
10000200111011010110101000001
10020110111011013110001313101
11101110111011011111111000001
11131000111011011111111110101
13333010111000011111111000001
13533010111111111111111020111
13333000111111111111111100111
11111111111111111111111111111
