11111111111111111111111111111
10001000111000000111100000011
10200010111013010111101021211
11110010111012010111101002011
11111010111000112011101110201
10000010111042010011100200001
10111000001031012011100102111
10001001101100003011100000201
11100001101131011011102111001
11101151101120000000100200201
11000121100001012110101100001
11010201111011010010100021111
10000000111011010010101000001
10200110111011013010001010101
11101110111011020011111003001
11131000111011311011100013131
11131010111003000011103003331
11131010111111111111111023131
11133020111111111111111003331
11111111111111111111111111111
