111111111111111111111111111111111
100000000000000000000000000000001
101101111111111011111111111111101
101100111111111001102040403511101
101110111111111101130010001110001
101000001111100000001111100000111
101310100010001010121111111111111
101020404040404040301111111111111
101401111111111111111111111111111
101001111111111111111111111111111
101411111111111111111111111111111
101001111111111111111111111111111
101201111111111111111111111111111
101030404040201110302011111111111
101110100010031110120011111111111
101000001111100000001111111111111
100011111111121101131111111111111
101111111111100300201111111111111
101111111111111110111111111111111
100000000000000000111111111111111
111111111111111111111111111111111
