111111111111111111111111111111
100000000000000000000000000001
101101111111111011111111111101
101000113040404000404040402001
101210111110001101100010031011
101000051111100000001111100011
101410111111111110140010021011
101020301111111110204040403011
101311021111111111031111111111
101111001111111111001111111111
101111141111111111141111111111
101111001111111111001111111111
101111041111111111021111111111
101110204040404040301111111111
101110130010001010111111111111
101000001111100000111111111111
100011111111111101111111111111
101111111111111100111111111111
101111111111111110111111111111
100000000000000000111111111111
111111111111111111111111111111
