111111111111111111111111111111111
100000000000000000000000000000001
101111111111111011111111111101101
101130404040404000201111111001101
100011100010001101131111111011101
111500001111100000001111100000101
111111111111111110120010001013101
111111111111111110304040404020101
111111111111111111111111111104101
111111111111111111111111111100101
111111111111111111111111111114101
111111111111100111111111111100101
111111111111120111131111111102101
111111111111102040404040404030101
111111111111131010120010001011101
111111111111100000001111100000101
111111111111111101111111111110001
111111111111111100111111111111101
111111111111111110111111111111101
111111111111111110000000000000001
111111111111111111111111111111111
