111111111111111111111111111111
100000000000000000000000000001
101111111111111011111111111101
101110403040404002001111111001
100010120010001101131111111011
101000001111100000001111100011
101110131111111110120010001111
101030201111111110403040201111
101201111111111111111111111111
101001111111111111111111111111
101411111111111111111111111111
101001111111111111111111111111
101401111111111111111111111111
101020301111111111111111111111
101310121111111111111111111111
101000001111111111111111111111
101110131111111111111111111111
101100100511111111111111111111
101101111111111111111111111111
100001111111111111111111111111
111111111111111111111111111111
