111111111111111111111111111111111
100000000000000011111111111111111
101111111111111011111111111111111
101110204040404003001111111111111
100010100010001101121111111111111
101000001111100000001111111111111
101111111111111010131111111111111
101111111111103040201111111111111
101111111111120111111111111111111
101111111111100111111111111111111
101111111111141111111111111111111
101111111111100111111111111111111
101111111111130111111111111113111
101111111111102040301111111110111
101111111111141010121111131112111
101111111111100000001111120000111
101111111111111101130011101110001
101111111111111100204040351111101
101111111111111110111111111111101
100000000000000000000000000000001
111111111111111111111111111111111
