111111111111111111111111111111111
100000000000000000000000000000001
101101111111111011111111111101101
101100304040404002304040400520101
101110120010001101100010031013001
101000001111100000001111100000101
101310130010031010140010021012101
101040204040402040004040403030101
101201111111140111041111140111101
101001111111100111001111100111101
101411111111141111141111141111101
101001111111100111001111100111101
101401111111140111021111140111101
101000404020404040304040404011101
101410100010001010140010001011101
101000001111100000001111100000101
100011111111121101131111111110001
101111111111100300201111111111101
101111111111111110111111111111101
100000000000000000000000000000001
111111111111111111111111111111111
