111111111111111111111111111111111
100000000000000000000000000000001
101101111111111011111111111101101
101030004040404004004040402000101
100210140010001101100010031014001
101000001111100000001111100500101
101310130010001010120010021014101
101020204040404040304040403000101
101401041111140111041111140104101
101001001111100111001111100100101
101411141111141111141111141114101
101001001111100111001111100100101
101401041111140111041111140104101
101000304040404040204040400040101
101310120010001010130010041010101
101000001111100000001111100000101
100210100010041101140010001010001
101030204040400000004040404011101
101101111111111110111111111111101
100000000000000000000000000000001
111111111111111111111111111111111
