111111111111111111111111111111
100000000000000000000000000001
101111111111111111111111111101
101111111111111111111111111001
101111111111111111111111111011
101111111111111111111111111511
101111111111111111111111111111
101111111111111111111111111111
101111111111111111111111111111
101111111111111111111111111111
101111111111111111111111111111
101111111111111111111111111111
101111111111111111111111111111
101110302011111111111111111111
101310120011111111111111111111
101000001111111111111111111111
101210131111111111111111111111
101030201111111111111111111111
101101111111111111111111111111
100001111111111111111111111111
111111111111111111111111111111
