111111111111111111111111111111111
100000000000000000000000000000001
101101111111111011111111111101101
101020302040403004002040404030101
100310140010001101130010001012001
101000001111100000001111100500101
101410120010001010100010041013101
101000304040404040404040400020101
101401041111111111041111140111101
101001001111111111001111100111101
101411141111111111141111141111101
101001001111111111001111100111101
101401041111111111021111140111101
101000404040204040404040400030101
101410100010001010130010041012101
101000001111100000001111100000101
100210131111141101120010001013001
101030201111100000304040404020101
101101111111111110111111111101101
100000000000000000000000000000001
111111111111111111111111111111111
