111111111111111111111111111111111
100000000000000000000000000000001
101101111111111011111111111111101
101100111111111001111111111111101
101110111111111101111111111110001
101000001111100000001111100000101
101410100010031010120010021011101
101020404040400540404040403011101
101301111111140111131111140111101
101001111111100111111111100111101
101411111111141111111111141111101
101001111111100111111111100111101
101401111111120111111111140111101
101000403040404040004040402011101
101410120010031010140010001011101
101000001111100000001111100011101
100210131111121101100010031011101
101030201111100300404040201001101
101101111111111110111111111101101
100000000000000000000000000000001
111111111111111111111111111111111
