111111111111111111111111111111111
100000000000000000000000000000001
101101111111111011111111111111101
101100403040404000201111111111101
101110120010001101131111111110001
101110001111100000001111100000101
101110131111111110100010001012101
101030201111111110404040402030101
101201111111111111041111111104101
101001111111111111001111111100101
101411111111111111141111111114101
101001111111111111001111111100101
101401111111131111021111111104101
101000102040404040301111113020101
101410130010021010111111111013101
101000001111100000111111150000101
100310121111111101111111111011101
101020301111111100111111111001101
101101111111111110111111111101101
100000000000000000111111111100001
111111111111111111111111111111111
