111111111111111111111111111111111
100000000000000000000000000000001
101111111111111011111111111111101
101111111111111001111111111111101
101111111111111101111111111110001
101111111111111000001111100000101
101111111111111010100010031013101
101111111111103040404040400025101
101111111111120111111111140104101
101111111111100111111111100100101
101111111111141111111111141114101
101111111111100111111111100100101
101111111111140111111111120104101
101110403040402011111111104000101
101110120010031011111111131014101
101110001111100000001111100000101
101110130010001101100010021012001
101100102040403200204040304030101
101101111111111110111111111101101
100000000000000000000000000000001
111111111111111111111111111111111
