11111111111111111111111
10000000000000001111111
10110111111111101111111
10110011111130400230201
10111011111112110110001
10111000111110000000111
10111012001003111111111
10111030404020111111111
10111104111111111111111
10111100111111111111111
10111114111111111111111
10111100111111111111111
10111104111111111111111
10111020404040404031111
10111013001000101011111
10111000111110000005111
10111011111111110111111
10110011111111110011111
10110111111111111011111
10000000000000000011111
11111111111111111111111
