111111111111111111111111111111111
100000000000000011111111111111111
101111111111111011111111111111111
101111111111111001111111111111111
101111111111111101111111111110001
101111111111111000001111100000101
101111111111111010131111131012101
101111111111111020403511102030101
101111111111111111021111140104101
101111111111111111001111100100101
101111111111111111141111141114101
101111111111111111001111100100101
101111111111111111041111140104101
101111111111111110004040404000101
101111111111111110140010001014101
101111111111111100001111100000101
101111111111111101111111121013001
101111111111300200111111304020101
101111111111111110111111111101101
100000000000000000000000000000001
111111111111111111111111111111111
