111111111111111111111111111111111
100000000000000000000000000000001
101101111111111011111111111101101
101020302040403004004040204030101
100310140010001101100010031012001
101000001111100000001111100500101
101410120010031010130010021013101
101000304040404040402040403020101
101401041111120111041111140104101
101001001111100111001111100100101
101211141111141111141111141114101
101001001111100111001111100100101
101401041111140111041111140104101
101000404040404040404040400000101
101410100010001010100010041014101
101000001111100000001111100000101
100410130010041101120010001010001
101000402040400000304040404040101
101101111111111110111111111101101
100000000000000000000000000000001
111111111111111111111111111111111
