111111111111111111111111111
111000111111111111111111111
111022100011111111111111111
111000032010001111111111111
111101100000431000111111111
110001101110000040111111111
110221100111011030104311001
110001020100011011100002401
111011030024410011110110301
100011011110012420030110111
101200011110110311010110011
100011111030110111000111011
111111111040000011101100011
111111111001134000301101111
111111111111111110100000111
111111111111111110001110111
111111111111111111111115111
111111111111111111111111111
