11111111111111111111111111111
11111000100010001000100010001
11111010101010101010101010101
11062323232323232323232323201
10323010101010101010101010101
10240323232323232323232323201
10323010101010101010101010101
10240323232323232323232323201
10323040404040201010101010101
10240323232323232323232323201
10323010101010101010101010101
10240323232323232323232323201
10323010101010101010101010111
10240323232323232323232320111
10323010101010101010101010111
11100010001000100010001000111
11111111111111111111111111111
