111111111111111111111111111111
111111111111111000000011111111
131111111111111211111001111111
101111111111103000000100111111
141111111111101111110010011111
100000000010000000001001001111
141111111010111111100100100111
100000001000000000010010010011
141111101011111111001001001001
100000100000000000100100100101
141110101111111110010010010101
100010000000000001001001010101
121010111111111100100101010101
101000000000000010010101010101
101011111111111001010101010101
103500000000003204040204020301
111111111111111111111111111111
