11111111111111111111111111111
11111111111110001111111111111
11111111100010201000111111111
11111000102200000220100011111
10001220300011211000302210001
10223000111111311111100032201
10001111100011311000111110001
11201000133330303333100010211
11003020300010501000302030011
11201111133330303333111110211
10001111100011311000111110001
10223000111111311111100032201
10001220300011211000302210001
11111000102200000220100011111
11111111100010201000111111111
11111111111110001111111111111
11111111111111111111111111111
