11111111111111111111111111111
11111111111110001111111111111
11111111100010101000111111111
11111100104200000240111111111
10001120003111211130001110001
10420000111111011111100002401
10301111100011311111111110301
11201000100000300030100010111
11000040003010501030004000111
11201111103000000030111110111
10301111100011011001111110301
10220030111111011111100002401
10001220003111211130001110001
11111000104200000240111111111
11111111100010101000111111111
11111111111110001111111111111
11111111111111111111111111111
