111111111111111111111111111
111111111111110001111111111
111111111111112020111111111
111111111111110100000011111
111111311111113101131311111
130020231110032023021003201
110111020200012002323001001
110111101011010113101131201
110200001032500300100003011
111101000000203100302003011
111101011013110131131311201
110320230210032020021003001
110120040200012002023001201
110131101011313113131131001
110000001300000000100000111
111111120232304040202020111
111111100011111111111111111
111111111111111111111111111
