1111111111111111111111111
1111111111111110011111111
1111111111111112011111111
1111111111110000000011111
1111111111110113111011111
1111111111110111111011111
1111111111110062011010001
1111111111111111013020001
1111111100001311011011111
1111111101000000011011111
1111110200000201111011111
1111110011310000002311111
1111110001111100000111111
1111110004000000000111111
1111111111101302000111111
1110001131101101111111111
1110100000001101111111111
1020001021111101111111111
1011131001000231111111111
1000111111000011111111111
1000230000011111111111111
1111111111111111111111111
