11111111111111111111111
11111100111111111111111
11111132111111111111111
11111100111111111111111
11111104111111111111111
11111100000000023001111
11111101111111303121111
11111101111111202023011
10000001111111030400011
10111111111111111112111
10001111113111110200301
11103020004002000326101
11100011100031132023101
11111111111221111320101
11111111111031111111101
11111111111021100000001
11111111111031001111111
11111111113021231111111
11111111111100301111111
11111111111111231111111
11111111111111001111111
11111111111111201111111
11111111111111001111111
11111111111111111111111
