111111111111111111111111111
111111000111111111111111111
111110032031111111111111111
100000011041111111111111111
101110011100000111111111111
101111111101110111111111111
101000011121100111111111111
100011000001101030400100011
111111111111100004000000011
111111111111110202041112111
111111111111020111100030011
111111111111013111112110011
111111111111013111000100111
111111111111032010404001001
111111111111123012323105001
111111111111001003230114401
111111111111031011100110011
111111111111021011111113011
111111111111100010000111211
111111111111110000110000011
111111111111111111111111111
