111111111111111111111111111111
111103040011111111111111111111
111002002000311111111111111111
111011100111111111111111111111
102011110000011111111111111111
101011111111011111111111111111
101311111110011111111111111111
100001110000111111111111111111
111101110032031111111111111111
111100000011041111111111111111
111101111111100000111111111111
111101111111101110111111111111
111101000011121100111111111111
111100011000001101111111111111
111111111111111100013000020111
111111111111111115200011110111
111111111111111002111111130011
111111111111111013111111112011
111111111111111013111111100111
111111111111111030011111101001
111111111111111121011111100001
111111111111111001011111111401
111111111111111031011111111011
111111111111111021011111111011
111111111111111100010000111011
111111111111111110000110000011
111111111111111111111111111111
