11111111111111111111111111111
11110304001000111111111111111
11100200230000111111111111111
11101020311121111111111111111
10201111000300111111111111111
10101111121100111111111111111
10131110001001111111111111111
10300104000011111111111111111
11210123003200011111111111111
10010030301104011111111111111
10310111111110000011111111111
10210111111110111011111111111
11000100001112110011111111111
11110001100000110111111111111
11111111111111110001300002011
11111111111111111020001111011
11111111111111111011111113001
11111111111111111311111111201
11111111111111111111111110011
11111111111111111111111110151
11111111111111111111111110021
11111111111111111111111111131
11111111111111111111111111111
