11111111111111111111111111
11111111000111111111100011
11111111000000000000000311
11111111101111111111110111
11111111101100000000110111
11111111121101111110110111
11111111101101111112110111
11000111101101100010110111
11300000000000000310110111
11101110002000000110110111
11101111001111110110010111
11121111000003330330010111
11101111021112110111110111
11101111000200000000000201
10001111125000110111110001
10002000000110110111111111
11001111111110010111111111
11000003333330010111111111
11021111111111110111111111
11000202000000000201111111
11110000011111110001111111
11111111111111111111111111
