111111111111111111111111111
113111113000011111111111111
110013111112011111111111111
113333000000011111111111111
113113000000000000011111111
113333011111111211311111111
113113111111100202011111111
111111110300100302011111111
100000020250300002011111111
102000020333300000001111111
111112010302300000000000001
110010011333300011011121101
110210211300400011010020201
110020011111112000010000201
111000000000000000010000201
111111110200002000010000101
111111111111201010210001101
111111111001001010010001101
111111111021021000020011101
111111111002001111111211101
111111111100000000000000001
111111111111111111111111111
