1111111111111111111111
1100001111111111111111
1020220111111111111111
1330333111111111111111
1022000011111111111111
1110202201111111111111
1113303331111111111111
1110220000111111111111
1111102022011111111111
1111133033311111111111
1111102200001111111111
1111111020220111111111
1111111330333111111111
1111111022000011111111
1111111110202201111111
1111111113303331111111
1111111110220000111111
1111111111102022011111
1111111111133033311111
1111111111102200001111
1111111111111020220111
1111111111111330333111
1111111111111022000011
1111111111111110202201
1111111111111113333331
1111111111111110220201
1111111111111111105111
1111111111111111111111
