11111111111111111111111111111111111111
11000011111111111111111111111111111111
10202201111111111111111111111111111111
13303331111111111111111111111111111111
10220000111111111111111111111111111111
11102022011111111111111111111111111111
11133033311111111111111111111111111111
11102200001111111111111111111111111111
11111020220111111111111111111111111111
11111330333111111111111111111111111111
11111022000011111111111111111111111111
11111110202201111111111111111111111111
11111113303331111111111111111111111111
11111110220000111111111111111111111111
11111111102022011111111111111111111111
11111111133033311111111111111111111111
11111111102200001111111111111111111111
11111111111020220111111111111111111111
11111111111330333111111111111111111111
11111111111022000011111111111111111111
11111111111110202201111111111111111111
11111111111113303331111111111111111111
11111111111110220000111111111111111111
11111111111111102022011111111111111111
11111111111111133033311111111111111111
11111111111111102200001111111111111111
11111111111111111020220111111111111111
11111111111111111330333111111111111111
11111111111111111022000011111111111111
11111111111111111110202201111111111111
11111111111111111113303331111111111111
11111111111111111110220000111111111111
11111111111111111111102022011111111111
11111111111111111111133033311111111111
11111111111111111111102200001111111111
11111111111111111111111020220111111111
11111111111111111111111330333111111111
11111111111111111111111022000011111111
11111111111111111111111110202201111111
11111111111111111111111113303331111111
11111111111111111111111110220000111111
11111111111111111111111111102022011111
11111111111111111111111111133033311111
11111111111111111111111111102200001111
11111111111111111111111111111020220111
11111111111111111111111111111330333111
11111111111111111111111111111022000011
11111111111111111111111111111110202201
11111111111111111111111111111113333331
11111111111111111111111111111110220201
11111111111111111111111111111111105111
11111111111111111111111111111111111111
