11111111111111111111111
10001100111111111111111
10200000001111111111111
11211101101111111111111
10011041101111111111111
10200033301111111111111
10110030100111111111111
10000200000000111111111
11110200201100111111111
11110001031101001111111
11110203334300000011111
11110111002101011011111
11100000200120411011111
11100010002003333011111
11111112101100301001111
11111110000002000000001
11111111111102002011001
11111111111100010401011
11111111111102033333011
11111111111101110301011
11111111111000002111211
11111111111000100002511
11111111111111121011111
11111111111111100011111
11111111111111111111111
