11111111111111111111111111
11130001001111000001111111
13400001000002000201111111
10211001000011002201111111
10000002011011000011111111
11011000000011111111111111
10331110111111111111111111
10333310111111000111111111
10333310130000000111000001
11113310400001000002000201
11111110211001000011002201
11100000000002000011000011
11101002002000000011111111
11100000000000102011111111
11111110330010100111000111
11111110333310115200020111
11111111113310110001000111
11111111111110111111112111
11111111100002000001100011
11111111101002002000200011
11111111100001000001102011
11111111111111110011100111
11111111111111111111111111
