111111111111111111111111111
111111111111333310000000001
111111111111333310101101101
111111111111330300201001101
111111111111100100200010001
133331000000000112222100111
133331010110010020000201111
133330020100000020110222001
110010020001010220110200101
100001222211010020000200001
101102000020000112222100111
100002011022200000020013331
101222011020000011021003331
101002000020000011101003331
100011222210011000000013331
100100002001333111111111111
100000102100333111111111111
101101110100333111111111111
151100000001333111111111111
111111111111111111111111111
