1111111111111111111111
1000001111111100000111
1020001000000020200111
1010101211000102000111
1012100202200101110111
1010101200000102020111
1020001000000000000111
1110000011111111000011
1110100000500000002001
1110001022000001000001
1110000020202001001101
1100001000200003000201
1100000000000000000001
1111101111111111100001
1111000000000333330011
1111010011220011111311
1111010000202011111311
1111010110002013333331
1111010110011113333301
1111010111111111111301
1111000000000003333331
1111111111111111111111
