1111111111111111111111
1110000000000003333331
1110201111111123333301
1110101000000003333331
1110101001011111111311
1110121021000020201311
1110101000002002001311
1110101021111111101311
1000000000000000303311
1020101101022000000311
1010100000000000003311
1010100101011111101011
1012002101002020101011
1010000000200200000011
1010102000000010000011
1010100111500010101111
1010110102222010101111
1010010202000020101111
1010210001111111101111
1010011111111111101111
1000000000000000001111
1111111111111111001111
1111111111111111111111
