11111111111111111111111111111
13330000000000031111111111111
11212011111102001111111111111
13002011111110231111111111111
11020100000003000000000000031
11001001111100202001111102001
11110010000010302011111110231
11110100111010020100000001001
10320301000000001001111100101
10120101001010000010000010101
10100100121010100100111010101
10310010001010320301000000001
10001001110210120101001010101
10220100000233100100121010101
11300011111120330010001010151
11132000000300031001110210101
11111111111110223100000233121
11111111111111300011111121131
11111111111111132000000300031
11111111111111111111111111111
