111111111111111111111111111
111113311111111110001111111
111113333302001110201111111
100013331101101110211111111
100203311101100110011111111
111113201101100000011111111
111113100001101111111111111
111110101111101111111111111
111110133300000111111111111
111112111300000020001110001
111110111110003002001110201
111100111110031101001110211
100000000200011100201110011
100110000000201100000000011
102111111110100000011111111
100111111110101112011111111
111111111110100000011111111
111111111112111000000020001
111111111110111110001000001
111111111100111110011111011
111111100000000005011110211
111111100110000000111100011
111111102111111111111100011
111111100111111111111112011
111111111111111111111110011
111111111111111111111111111
