11111111111111111111111111111
11111111111111111111111131111
11111111113311111131000031311
11111111110211113101000033311
11001111110000000130001333311
11021111110000030330001333111
11001111113000030330000031111
11101102002000030312111110011
11150101000000000000111110201
10200101000201000002111110001
10000100000000201020000110111
10022100000220001000100000111
11100020100000011021101000011
11112000100020000001021000011
10010101102110000001001221011
10202001100002000001001000011
10011001101100122101111111111
11000000001111100001111111111
11111111111111111111111111111
