1111111111111111111111111111
1000001111100111111111111111
1000202000000100111111111111
1021111111100000110011111111
1000000111111100000011111111
1100200111111111111011111111
1111120111111111110011111001
1002000111111111110000000001
1000005111111111111111110001
1011111111111111111111111011
1000000111111111111111111011
1111110111111111111111111011
1111110111111111111110011001
1113300111111111111110000001
1113300000000111111110111111
1113300111100000000010011111
1111111111100111110000011111
1111111111111111110011111111
1111111111111111111111111111
