1111111111111111111111111111
1100111111111111111111110011
1020011111111111111111100201
1002001111111111111111002001
1100200111110000111110020011
1110020011110110111100200111
1111002000100330010002001111
1111100000003333000000011111
1111110111133503311110111111
1111110111133003311110111111
1111100000003333000000011111
1111002000100330010002001111
1110020011111111111100200111
1100200111111111111110020011
1002001111111111111111002001
1020011111111111111111100201
1100111111111111111111110011
1111111111111111111111111111
