1111111111111111111111
1111111111110001111111
1111111111110101111111
1111111100020101111111
1111111101110101111111
1111111102000001111111
1111111101011101111111
1111111101220001111111
1333001000200111111111
1333000000110111111111
1333001000020001111111
1111111121011100020111
1111111102011101110111
1111111101011102000001
1111111102000001011101
1111111101110101220001
1111111333000000200111
1111111333000000110111
1111111333001000020001
1111111111111121011101
1111111111111102011101
1111111111111101011101
1111111111111102000001
1111111111111101110111
1111111111111100500111
1111111111111111111111
