1111111111111111111111111
1333333331111111111111111
1444444431111111111111111
1333333431111111111111111
1111113433333111111111111
1111113444443111111111111
1111113300020111111111111
1111111111020000000111111
1111111111022222220111111
1111111111000000020111111
1111111111111111020000001
1111111111100011022222101
1111111111032011000000001
1111111110320111111110111
1111111100201111111110001
1111111002311111111112101
1111110040211111111020201
1111110432011111110202001
1111002046231111102020011
1110010232023111020200111
1110111313432310200001111
1110000000000000000011111
1111111111111111111111111
