1111111111111111111111111
1333333331111111111111111
1444444431111111111111111
1333333431111111111111111
1111113433333111111111111
1111113444443111111111111
1111113333343111111111111
1111111111343333333111111
1111111111344444443111111
1111111111333333343111111
1111111111111111343330001
1111111111100001322222101
1111111111002021333300001
1111111110020201111110111
1111111100202020201110001
1111111002020202023102101
1111110020202020202020201
1111100202020202020202001
1111102025202020202020011
1110020202020202020200111
1110212020202020200001111
1110000000000000000011111
1111111111111111111111111
