11111111111111111111111111111
11000111111113311111111111111
11300000000002031111111111111
11431343431312201111111111111
11341341431310001111111111111
11431331331310000111111100111
11334441444310000000000020011
11000000000312000434313122011
11111111111110203414313100011
11000000010002003313313112001
10210202010220024414443152201
10020212020020000000003100001
11000000000001111111111122011
11111111111100000000100002011
11111111111102102020102200011
11111111111100202120200211111
11111111111110000000000011111
11111111111111111111111111111
