11111111111111111111111111
11333331001111111111111111
11333331001111111111111111
11333110001111111111111111
10002100201111111111111111
10000102201111111111111111
10020100101111111111111111
10020101101133333100100111
10000101101133333100220111
11112120121133311000100111
11102020000033410020100111
11100002020033310220110111
11110001100002010010110111
11111111111002010010100001
11111111111000010110020001
11111111111111212012111001
11111111111110202000002211
11111111111110000202020001
11111111111111000110010051
11111111111111111111111111
