111111111111111111111111111111111
105100010000001111111111111111111
102101210010202011111111111111111
102000000222212011111111111111111
102020100000000011111111111111111
110111111111111111111111111111111
103433434343433330111111111111111
103343333333334330111111111111111
111111111111111001000100000011111
111000000000001000012100102020111
111022202022101000000002222120111
111000011100000020201000000000111
111101011111002020111111111111111
111000000200200032034343434333301
111000010001000033433333033343301
111111111111111111111111111111011
111111111111111110000000000011001
111111111111111110222020221011001
111111111111111110000111000000201
111111111111111111010111110020201
111111111111111110000002002001111
111111111111111110000100010001111
111111111111111111111111111111111
