111111111111111111111111
100001000500100010011111
100002020202000212011111
111211111111110000011111
102001033333310010011111
100001043133311112111111
100111101113310010011111
110110000013310020011111
100112020214410010011111
100002010013310111111111
100010020203320000001001
111110000000020020021201
111111120011111011000001
111110200003333331001001
111110000104313331111211
111110011110111331001001
111111011000001331002001
111110011202021441001001
111110000201001031011111
111111111002021002000011
111111111111101001102011
111111111111001111101111
111111111111000000000111
111111111111111111000111
111111111111111111111111
