1111111111111111111111
1111111111111000001111
1111111111111002002011
1111111111000201011511
1111111111002120010011
1111111111220020202011
1111111102020120102201
1111100101020102002001
1111100001000000110211
1111100100011110100011
1111100333333300002011
1111100033333300011111
1111100033333301111111
1111122002013101111111
1110202011010220111111
1110102013200200111111
1000100000011021111111
1011111111010001111111
1033333331000201111111
1013330000001111111111
1000000031111111111111
1111111111111111111111
