111111111111111111111111
111111111110001111111111
111111111110101111111111
111111111110001111111111
111111111002020100000001
111111111010002200022201
111110000020200111010111
111110100200202110002001
111110001111120510202201
111002020333000000200001
111010002333011100121111
100020200333233303331001
100200200333002001111001
111111120000000000000001
111333100000000000000001
111333111110121111111111
111333400000001001111111
111333101101111001111111
111000000000000001111111
111000000000000001111111
111111111111111111111111
